4294967294,0
4294967278,132
4294967278,131
4294967278,130
4294967278,129
4294967278,256
4294967278,128
4294967278,127
4294967278,126
4294967278,255
4294967278,125
4294967278,124
4294967278,123
4294967278,252
4294967278,122
4294967278,251
4294967278,121
4294967278,249
4294967278,120
4294967278,247
4294967278,119
4294967278,118
4294967278,243
4294967278,117
4294967278,116
4294967278,115
4294967278,114
4294967278,113
4294967278,235
4294967278,112
4294967278,111
4294967278,110
4294967278,109
4294967278,108
4294967278,225
4294967278,107
4294967278,106
4294967278,221
4294967278,105
4294967278,104
4294967278,103
4294967278,102
4294967278,101
4294967278,100
4294967278,99
4294967278,98
4294967278,97
4294967278,96
4294967278,95
4294967278,94
4294967278,93
4294967278,92
4294967278,91
4294967278,90
4294967278,89
4294967278,87
4294967278,86
4294967278,85
4294967278,84
4294967278,83
4294967278,82
4294967278,81
4294967278,80
4294967278,79
4294967278,78
4294967278,77
4294967278,76
4294967278,75
4294967278,74
4294967278,73
4294967278,72
4294967278,71
4294967278,70
4294967278,69
4294967278,68
4294967278,67
4294967278,66
4294967278,65
4294967278,64
4294967278,63
4294967278,62
4294967278,61
4294967278,60
4294967278,59
4294967278,58
4294967278,57
4294967278,56
4294967278,55
4294967278,54
4294967278,53
4294967278,52
4294967278,51
4294967278,50
4294967278,49
4294967278,48
4294967278,47
4294967278,46
4294967278,45
4294967278,44
4294967278,43
4294967278,42
4294967278,41
4294967278,40
4294967278,39
4294967278,37
4294967279,21
4294967279,16
4294967279,13
4294967279,264
4294967279,11
4294967279,10
4294967279,9
4294967279,8
4294967279,7
4294967279,6
4294967279,5
4294967279,275
4294967279,4
4294967278,158
4294967278,156
4294967278,154
4294967278,153
4294967278,152
4294967294,67
4294967294,81
4294967294,68
4294967294,11
0,5
4294967278,38
4294967294,7
4294967279,329
4294967279,260
4294967279,0
4294967294,1017
4294967278,518
4294967279,328
23,5
23,4
23,3
23,2
23,1
4294967278,517
4294967279,327
4294967278,516
22,7
4294967294,154
4294967278,515
4294967279,326
22,6
4294967278,514
22,5
22,4
22,3
22,2
22,1
4294967294,472
21,4
21,3
21,2
21,1
20,4
20,3
20,2
20,1
4294967278,513
4294967279,325
4294967278,512
19,5
19,4
19,3
19,2
19,1
4294967279,324
4294967278,319
4294967279,323
4294967278,318
4294967278,317
4294967278,316
4294967279,322
4294967278,315
4294967279,321
4294967278,314
4294967279,320
4294967279,319
4294967279,318
4294967278,313
4294967279,317
4294967279,316
4294967279,315
15,5
4294967279,314
15,4
15,3
15,2
15,1
4294967278,312
4294967278,311
4294967279,313
4294967278,310
4294967279,312
4294967278,309
4294967279,311
4294967278,308
4294967279,310
4294967279,309
4294967278,307
4294967278,306
4294967279,308
4294967279,307
4294967278,305
4294967279,306
4294967278,304
4294967279,305
12,5
12,4
12,3
12,2
12,1
4294967278,303
4294967278,302
4294967279,304
4294967278,301
4294967279,303
4294967278,300
4294967279,302
4294967278,299
4294967279,301
4294967294,206
4294967279,300
4294967278,298
4294967278,297
4294967279,299
9,4
9,3
9,2
9,1
4294967279,298
4294967279,297
4294967278,296
4294967279,296
4294967278,295
4294967279,295
4294967278,294
4294967279,294
8,5
8,4
8,3
8,2
8,1
4294967278,293
4294967279,293
4294967278,292
4294967278,291
6,6
4294967294,471
4294967278,290
4294967279,292
4294967279,291
6,5
6,4
6,3
6,2
6,1
4294967294,428
4294967278,289
4294967294,1418
4294967279,290
4294967278,288
4294967278,287
5,5
5,4
5,3
5,2
5,1
4294967279,289
4294967278,286
4294967279,288
4,5
4294967278,285
4294967279,287
4,4
4294967278,284
4,3
4,2
4,1
4294967279,286
4294967294,187
4294967294,1417
4294967294,1416
4294967294,1415
4294967294,1414
4294967294,470
4294967294,83
4294967279,285
3,5
3,4
4294967279,284
3,3
3,2
